0,tcp,http,SF,215,45076,0,0,0,0,0,1,0,0,0,0,0,0,0,0,0,0,1,1,0.00,0.00,0.00,0.00,1.00,0.00,0.00,0,0,0.00,0.00,0.00,0.00,0.00,0.00,0.00,0.00,normal.
0,tcp,http,SF,162,4528,0,0,0,0,0,1,0,0,0,0,0,0,0,0,0,0,2,2,0.00,0.00,0.00,0.00,1.00,0.00,0.00,1,1,1.00,0.00,1.00,0.00,0.00,0.00,0.00,0.00,normal.
0,tcp,http,SF,236,1228,0,0,0,0,0,1,0,0,0,0,0,0,0,0,0,0,1,1,0.00,0.00,0.00,0.00,1.00,0.00,0.00,2,2,1.00,0.00,0.50,0.00,0.00,0.00,0.00,0.00,normal.
0,tcp,http,SF,233,2032,0,0,0,0,0,1,0,0,0,0,0,0,0,0,0,0,2,2,0.00,0.00,0.00,0.00,1.00,0.00,0.00,3,3,1.00,0.00,0.33,0.00,0.00,0.00,0.00,0.00,normal.
0,tcp,http,SF,239,486,0,0,0,0,0,1,0,0,0,0,0,0,0,0,0,0,3,3,0.00,0.00,0.00,0.00,1.00,0.00,0.00,4,4,1.00,0.00,0.25,0.00,0.00,0.00,0.00,0.00,normal.
0,tcp,http,SF,238,1282,0,0,0,0,0,1,0,0,0,0,0,0,0,0,0,0,4,4,0.00,0.00,0.00,0.00,1.00,0.00,0.00,5,5,1.00,0.00,0.20,0.00,0.00,0.00,0.00,0.00,normal.
0,tcp,http,SF,235,1337,0,0,0,0,0,1,0,0,0,0,0,0,0,0,0,0,5,5,0.00,0.00,0.00,0.00,1.00,0.00,0.00,6,6,1.00,0.00,0.17,0.00,0.00,0.00,0.00,0.00,normal.
0,tcp,http,SF,234,1364,0,0,0,0,0,1,0,0,0,0,0,0,0,0,0,0,6,6,0.00,0.00,0.00,0.00,1.00,0.00,0.00,7,7,1.00,0.00,0.14,0.00,0.00,0.00,0.00,0.00,normal.
0,tcp,http,SF,239,1295,0,0,0,0,0,1,0,0,0,0,0,0,0,0,0,0,7,7,0.00,0.00,0.00,0.00,1.00,0.00,0.00,8,8,1.00,0.00,0.12,0.00,0.00,0.00,0.00,0.00,normal.
0,tcp,http,SF,181,5450,0,0,0,0,0,1,0,0,0,0,0,0,0,0,0,0,8,8,0.00,0.00,0.00,0.00,1.00,0.00,0.00,9,9,1.00,0.00,0.11,0.00,0.00,0.00,0.00,0.00,normal.
0,tcp,http,SF,184,124,0,0,0,0,0,1,0,0,0,0,0,0,0,0,0,0,1,1,0.00,0.00,0.00,0.00,1.00,0.00,0.00,10,10,1.00,0.00,0.10,0.00,0.00,0.00,0.00,0.00,normal.
0,tcp,http,SF,185,9020,0,0,0,0,0,1,0,0,0,0,0,0,0,0,0,0,2,2,0.00,0.00,0.00,0.00,1.00,0.00,0.00,11,11,1.00,0.00,0.09,0.00,0.00,0.00,0.00,0.00,normal.
0,tcp,http,SF,239,1295,0,0,0,0,0,1,0,0,0,0,0,0,0,0,0,0,1,1,0.00,0.00,0.00,0.00,1.00,0.00,0.00,12,12,1.00,0.00,0.08,0.00,0.00,0.00,0.00,0.00,normal.
0,tcp,http,SF,181,5450,0,0,0,0,0,1,0,0,0,0,0,0,0,0,0,0,2,2,0.00,0.00,0.00,0.00,1.00,0.00,0.00,13,13,1.00,0.00,0.08,0.00,0.00,0.00,0.00,0.00,normal.
0,tcp,http,SF,236,1228,0,0,0,0,0,1,0,0,0,0,0,0,0,0,0,0,3,3,0.00,0.00,0.00,0.00,1.00,0.00,0.00,14,14,1.00,0.00,0.07,0.00,0.00,0.00,0.00,0.00,normal.
0,tcp,http,SF,233,2032,0,0,0,0,0,1,0,0,0,0,0,0,0,0,0,0,4,4,0.00,0.00,0.00,0.00,1.00,0.00,0.00,15,15,1.00,0.00,0.07,0.00,0.00,0.00,0.00,0.00,normal.
0,tcp,http,SF,238,1282,0,0,0,0,0,1,0,0,0,0,0,0,0,0,0,0,5,5,0.00,0.00,0.00,0.00,1.00,0.00,0.00,16,16,1.00,0.00,0.06,0.00,0.00,0.00,0.00,0.00,normal.
0,tcp,http,SF,235,1337,0,0,0,0,0,1,0,0,0,0,0,0,0,0,0,0,6,6,0.00,0.00,0.00,0.00,1.00,0.00,0.00,17,17,1.00,0.00,0.06,0.00,0.00,0.00,0.00,0.00,normal.
0,tcp,http,SF,234,1364,0,0,0,0,0,1,0,0,0,0,0,0,0,0,0,0,7,7,0.00,0.00,0.00,0.00,1.00,0.00,0.00,18,18,1.00,0.00,0.06,0.00,0.00,0.00,0.00,0.00,normal.
0,tcp,http,SF,239,486,0,0,0,0,0,1,0,0,0,0,0,0,0,0,0,0,8,8,0.00,0.00,0.00,0.00,1.00,0.00,0.00,19,19,1.00,0.00,0.05,0.00,0.00,0.00,0.00,0.00,normal.
0,tcp,http,SF,185,9020,0,0,0,0,0,1,0,0,0,0,0,0,0,0,0,0,1,1,0.00,0.00,0.00,0.00,1.00,0.00,0.00,20,20,1.00,0.00,0.05,0.00,0.00,0.00,0.00,0.00,normal.
0,tcp,http,SF,184,124,0,0,0,0,0,1,0,0,0,0,0,0,0,0,0,0,2,2,0.00,0.00,0.00,0.00,1.00,0.00,0.00,21,21,1.00,0.00,0.05,0.00,0.00,0.00,0.00,0.00,normal.
0,tcp,http,SF,181,5450,0,0,0,0,0,1,0,0,0,0,0,0,0,0,0,0,1,1,0.00,0.00,0.00,0.00,1.00,0.00,0.00,22,22,1.00,0.00,0.05,0.00,0.00,0.00,0.00,0.00,normal.
0,tcp,http,SF,239,1295,0,0,0,0,0,1,0,0,0,0,0,0,0,0,0,0,2,2,0.00,0.00,0.00,0.00,1.00,0.00,0.00,23,23,1.00,0.00,0.04,0.00,0.00,0.00,0.00,0.00,normal.
0,tcp,http,SF,236,1228,0,0,0,0,0,1,0,0,0,0,0,0,0,0,0,0,3,3,0.00,0.00,0.00,0.00,1.00,0.00,0.00,24,24,1.00,0.00,0.04,0.00,0.00,0.00,0.00,0.00,normal.
0,tcp,http,SF,233,2032,0,0,0,0,0,1,0,0,0,0,0,0,0,0,0,0,4,4,0.00,0.00,0.00,0.00,1.00,0.00,0.00,25,25,1.00,0.00,0.04,0.00,0.00,0.00,0.00,0.00,normal.
0,tcp,http,SF,239,486,0,0,0,0,0,1,0,0,0,0,0,0,0,0,0,0,5,5,0.00,0.00,0.00,0.00,1.00,0.00,0.00,26,26,1.00,0.00,0.04,0.00,0.00,0.00,0.00,0.00,normal.
0,tcp,http,SF,238,1282,0,0,0,0,0,1,0,0,0,0,0,0,0,0,0,0,6,6,0.00,0.00,0.00,0.00,1.00,0.00,0.00,27,27,1.00,0.00,0.04,0.00,0.00,0.00,0.00,0.00,normal.
0,tcp,http,SF,234,1364,0,0,0,0,0,1,0,0,0,0,0,0,0,0,0,0,7,7,0.00,0.00,0.00,0.00,1.00,0.00,0.00,28,28,1.00,0.00,0.04,0.00,0.00,0.00,0.00,0.00,normal.
0,tcp,http,SF,235,1337,0,0,0,0,0,1,0,0,0,0,0,0,0,0,0,0,8,8,0.00,0.00,0.00,0.00,1.00,0.00,0.00,29,29,1.00,0.00,0.03,0.00,0.00,0.00,0.00,0.00,normal.
0,tcp,http,SF,215,45076,0,0,0,0,0,1,0,0,0,0,0,0,0,0,0,0,1,4,0.00,0.00,0.00,0.00,1.00,0.00,0.50,30,30,1.00,0.00,0.03,0.00,0.00,0.00,0.00,0.00,normal.
0,tcp,http,SF,162,4528,0,0,0,0,0,1,0,0,0,0,0,0,0,0,0,0,2,5,0.00,0.00,0.00,0.00,1.00,0.00,0.40,31,31,1.00,0.00,0.03,0.00,0.00,0.00,0.00,0.00,normal.
0,tcp,http,SF,146,4528,0,0,0,0,0,1,0,0,0,0,0,0,0,0,0,0,1,1,0.00,0.00,0.00,0.00,1.00,0.00,0.00,32,32,1.00,0.00,0.03,0.00,0.00,0.00,0.00,0.00,normal.
0,tcp,http,SF,199,45076,0,0,0,0,0,1,0,0,0,0,0,0,0,0,0,0,2,2,0.00,0.00,0.00,0.00,1.00,0.00,0.00,33,33,1.00,0.00,0.03,0.00,0.00,0.00,0.00,0.00,normal.
0,tcp,http,SF,165,5450,0,0,0,0,0,1,0,0,0,0,0,0,0,0,0,0,1,1,0.00,0.00,0.00,0.00,1.00,0.00,0.00,34,34,1.00,0.00,0.03,0.00,0.00,0.00,0.00,0.00,normal.
0,tcp,http,SF,223,1295,0,0,0,0,0,1,0,0,0,0,0,0,0,0,0,0,2,2,0.00,0.00,0.00,0.00,1.00,0.00,0.00,35,35,1.00,0.00,0.03,0.00,0.00,0.00,0.00,0.00,normal.
0,tcp,http,SF,220,1228,0,0,0,0,0,1,0,0,0,0,0,0,0,0,0,0,3,3,0.00,0.00,0.00,0.00,1.00,0.00,0.00,36,36,1.00,0.00,0.03,0.00,0.00,0.00,0.00,0.00,normal.
0,tcp,http,SF,217,2032,0,0,0,0,0,1,0,0,0,0,0,0,0,0,0,0,4,4,0.00,0.00,0.00,0.00,1.00,0.00,0.00,37,37,1.00,0.00,0.03,0.00,0.00,0.00,0.00,0.00,normal.
0,tcp,http,SF,218,1364,0,0,0,0,0,1,0,0,0,0,0,0,0,0,0,0,5,5,0.00,0.00,0.00,0.00,1.00,0.00,0.00,38,38,1.00,0.00,0.03,0.00,0.00,0.00,0.00,0.00,normal.
0,tcp,http,SF,219,1337,0,0,0,0,0,1,0,0,0,0,0,0,0,0,0,0,6,6,0.00,0.00,0.00,0.00,1.00,0.00,0.00,39,39,1.00,0.00,0.03,0.00,0.00,0.00,0.00,0.00,normal.
0,tcp,http,SF,222,1282,0,0,0,0,0,1,0,0,0,0,0,0,0,0,0,0,7,7,0.00,0.00,0.00,0.00,1.00,0.00,0.00,40,40,1.00,0.00,0.03,0.00,0.00,0.00,0.00,0.00,normal.
0,tcp,http,SF,223,486,0,0,0,0,0,1,0,0,0,0,0,0,0,0,0,0,8,8,0.00,0.00,0.00,0.00,1.00,0.00,0.00,41,41,1.00,0.00,0.02,0.00,0.00,0.00,0.00,0.00,normal.
0,tcp,http,SF,169,9020,0,0,0,0,0,1,0,0,0,0,0,0,0,0,0,0,1,1,0.00,0.00,0.00,0.00,1.00,0.00,0.00,42,42,1.00,0.00,0.02,0.00,0.00,0.00,0.00,0.00,normal.
0,tcp,http,SF,168,124,0,0,0,0,0,1,0,0,0,0,0,0,0,0,0,0,2,2,0.00,0.00,0.00,0.00,1.00,0.00,0.00,43,43,1.00,0.00,0.02,0.00,0.00,0.00,0.00,0.00,normal.
0,tcp,http,SF,218,1364,0,0,0,0,0,1,0,0,0,0,0,0,0,0,0,0,1,1,0.00,0.00,0.00,0.00,1.00,0.00,0.00,44,44,1.00,0.00,0.02,0.00,0.00,0.00,0.00,0.00,normal.
0,tcp,http,SF,219,1337,0,0,0,0,0,1,0,0,0,0,0,0,0,0,0,0,2,2,0.00,0.00,0.00,0.00,1.00,0.00,0.00,45,45,1.00,0.00,0.02,0.00,0.00,0.00,0.00,0.00,normal.
0,tcp,http,SF,165,5450,0,0,0,0,0,1,0,0,0,0,0,0,0,0,0,0,3,3,0.00,0.00,0.00,0.00,1.00,0.00,0.00,46,46,1.00,0.00,0.02,0.00,0.00,0.00,0.00,0.00,normal.
0,tcp,http,SF,223,1295,0,0,0,0,0,1,0,0,0,0,0,0,0,0,0,0,4,4,0.00,0.00,0.00,0.00,1.00,0.00,0.00,47,47,1.00,0.00,0.02,0.00,0.00,0.00,0.00,0.00,normal.
0,tcp,http,SF,220,1228,0,0,0,0,0,1,0,0,0,0,0,0,0,0,0,0,5,5,0.00,0.00,0.00,0.00,1.00,0.00,0.00,48,48,1.00,0.00,0.02,0.00,0.00,0.00,0.00,0.00,normal.
0,tcp,http,SF,217,2032,0,0,0,0,0,1,0,0,0,0,0,0,0,0,0,0,6,6,0.00,0.00,0.00,0.00,1.00,0.00,0.00,49,49,1.00,0.00,0.02,0.00,0.00,0.00,0.00,0.00,normal.
0,tcp,http,SF,223,486,0,0,0,0,0,1,0,0,0,0,0,0,0,0,0,0,7,7,0.00,0.00,0.00,0.00,1.00,0.00,0.00,50,50,1.00,0.00,0.02,0.00,0.00,0.00,0.00,0.00,normal.
0,tcp,http,SF,222,1282,0,0,0,0,0,1,0,0,0,0,0,0,0,0,0,0,8,8,0.00,0.00,0.00,0.00,1.00,0.00,0.00,51,51,1.00,0.00,0.02,0.00,0.00,0.00,0.00,0.00,normal.
0,tcp,http,SF,168,124,0,0,0,0,0,1,0,0,0,0,0,0,0,0,0,0,1,1,0.00,0.00,0.00,0.00,1.00,0.00,0.00,52,52,1.00,0.00,0.02,0.00,0.00,0.00,0.00,0.00,normal.
0,tcp,http,SF,169,9020,0,0,0,0,0,1,0,0,0,0,0,0,0,0,0,0,2,2,0.00,0.00,0.00,0.00,1.00,0.00,0.00,53,53,1.00,0.00,0.02,0.00,0.00,0.00,0.00,0.00,normal.
0,tcp,http,SF,219,1337,0,0,0,0,0,1,0,0,0,0,0,0,0,0,0,0,1,1,0.00,0.00,0.00,0.00,1.00,0.00,0.00,54,54,1.00,0.00,0.02,0.00,0.00,0.00,0.00,0.00,normal.
0,tcp,http,SF,218,1364,0,0,0,0,0,1,0,0,0,0,0,0,0,0,0,0,2,2,0.00,0.00,0.00,0.00,1.00,0.00,0.00,55,55,1.00,0.00,0.02,0.00,0.00,0.00,0.00,0.00,normal.
0,tcp,http,SF,165,5450,0,0,0,0,0,1,0,0,0,0,0,0,0,0,0,0,3,3,0.00,0.00,0.00,0.00,1.00,0.00,0.00,56,56,1.00,0.00,0.02,0.00,0.00,0.00,0.00,0.00,normal.
0,tcp,http,SF,223,1295,0,0,0,0,0,1,0,0,0,0,0,0,0,0,0,0,4,4,0.00,0.00,0.00,0.00,1.00,0.00,0.00,57,57,1.00,0.00,0.02,0.00,0.00,0.00,0.00,0.00,normal.
0,tcp,http,SF,220,1228,0,0,0,0,0,1,0,0,0,0,0,0,0,0,0,0,5,5,0.00,0.00,0.00,0.00,1.00,0.00,0.00,58,58,1.00,0.00,0.02,0.00,0.00,0.00,0.00,0.00,normal.
0,tcp,http,SF,217,2032,0,0,0,0,0,1,0,0,0,0,0,0,0,0,0,0,6,6,0.00,0.00,0.00,0.00,1.00,0.00,0.00,59,59,1.00,0.00,0.02,0.00,0.00,0.00,0.00,0.00,normal.
0,tcp,http,SF,223,486,0,0,0,0,0,1,0,0,0,0,0,0,0,0,0,0,7,7,0.00,0.00,0.00,0.00,1.00,0.00,0.00,60,60,1.00,0.00,0.02,0.00,0.00,0.00,0.00,0.00,normal.
0,tcp,http,SF,222,1282,0,0,0,0,0,1,0,0,0,0,0,0,0,0,0,0,8,8,0.00,0.00,0.00,0.00,1.00,0.00,0.00,61,61,1.00,0.00,0.02,0.00,0.00,0.00,0.00,0.00,normal.
0,tcp,http,SF,199,45076,0,0,0,0,0,1,0,0,0,0,0,0,0,0,0,0,1,4,0.00,0.00,0.00,0.00,1.00,0.00,0.75,62,62,1.00,0.00,0.02,0.00,0.00,0.00,0.00,0.00,normal.
0,tcp,http,SF,146,4528,0,0,0,0,0,1,0,0,0,0,0,0,0,0,0,0,2,5,0.00,0.00,0.00,0.00,1.00,0.00,0.60,63,63,1.00,0.00,0.02,0.00,0.00,0.00,0.00,0.00,normal.
0,tcp,http,SF,364,11189,0,0,0,0,0,1,0,0,0,0,0,0,0,0,0,0,1,1,0.00,0.00,0.00,0.00,1.00,0.00,0.00,1,64,1.00,0.00,1.00,0.03,0.00,0.00,0.00,0.00,normal.
0,tcp,http,SF,365,4095,0,0,0,0,0,1,0,0,0,0,0,0,0,0,0,0,2,2,0.00,0.00,0.00,0.00,1.00,0.00,0.00,2,65,1.00,0.00,0.50,0.03,0.00,0.00,0.00,0.00,normal.
0,tcp,http,SF,332,3270,0,0,0,0,0,1,0,0,0,0,0,0,0,0,0,0,3,3,0.00,0.00,0.00,0.00,1.00,0.00,0.00,3,66,1.00,0.00,0.33,0.03,0.00,0.00,0.00,0.00,normal.
0,tcp,http,SF,355,11201,0,0,0,0,0,1,0,0,0,0,0,0,0,0,0,0,1,1,0.00,0.00,0.00,0.00,1.00,0.00,0.00,4,67,1.00,0.00,0.25,0.03,0.00,0.00,0.00,0.00,normal.
0,tcp,http,SF,278,957,0,0,0,0,0,1,0,0,0,0,0,0,0,0,0,0,2,2,0.00,0.00,0.00,0.00,1.00,0.00,0.00,5,68,1.00,0.00,0.20,0.03,0.00,0.00,0.00,0.00,normal.
0,tcp,http,SF,212,1940,0,0,0,0,0,1,0,0,0,0,0,0,0,0,0,0,1,2,0.00,0.00,0.00,0.00,1.00,0.00,1.00,1,69,1.00,0.00,1.00,0.04,0.00,0.00,0.00,0.00,normal.
0,tcp,http,SF,204,11099,0,0,0,0,0,1,0,0,0,0,0,0,0,0,0,0,2,3,0.00,0.00,0.00,0.00,1.00,0.00,0.67,2,70,1.00,0.00,0.50,0.04,0.00,0.00,0.00,0.00,normal.
0,tcp,http,SF,202,14983,0,0,0,0,0,1,0,0,0,0,0,0,0,0,0,0,3,6,0.00,0.00,0.00,0.00,1.00,0.00,0.33,3,71,1.00,0.00,0.33,0.04,0.00,0.00,0.00,0.00,normal.
0,tcp,http,SF,203,1818,0,0,0,0,0,1,0,0,0,0,0,0,0,0,0,0,4,8,0.00,0.00,0.00,0.00,1.00,0.00,0.25,4,72,1.00,0.00,0.25,0.04,0.00,0.00,0.00,0.00,normal.
0,tcp,http,SF,204,1163,0,0,0,0,0,1,0,0,0,0,0,0,0,0,0,0,5,10,0.00,0.00,0.00,0.00,1.00,0.00,0.20,5,73,1.00,0.00,0.20,0.04,0.00,0.00,0.00,0.00,normal.
0,tcp,http,SF,203,2235,0,0,0,0,0,1,0,0,0,0,0,0,0,0,0,0,6,12,0.00,0.00,0.00,0.00,1.00,0.00,0.17,6,74,1.00,0.00,0.17,0.04,0.00,0.00,0.00,0.00,normal.
0,tcp,http,SF,203,1122,0,0,0,0,0,1,0,0,0,0,0,0,0,0,0,0,1,1,0.00,0.00,0.00,0.00,1.00,0.00,0.00,7,75,1.00,0.00,0.14,0.04,0.00,0.00,0.00,0.00,normal.
0,tcp,http,SF,208,2260,0,0,0,0,0,1,0,0,0,0,0,0,0,0,0,0,2,2,0.00,0.00,0.00,0.00,1.00,0.00,0.00,8,76,1.00,0.00,0.12,0.04,0.00,0.00,0.00,0.00,normal.
0,tcp,http,SF,205,1619,0,0,0,0,0,1,0,0,0,0,0,0,0,0,0,0,3,3,0.00,0.00,0.00,0.00,1.00,0.00,0.00,9,77,1.00,0.00,0.11,0.04,0.00,0.00,0.00,0.00,normal.
0,tcp,http,SF,207,1583,0,0,0,0,0,1,0,0,0,0,0,0,0,0,0,0,4,4,0.00,0.00,0.00,0.00,1.00,0.00,0.00,10,78,1.00,0.00,0.10,0.04,0.00,0.00,0.00,0.00,normal.
0,tcp,http,SF,159,4087,0,0,0,0,0,1,0,0,0,0,0,0,0,0,0,0,5,5,0.00,0.00,0.00,0.00,1.00,0.00,0.00,11,79,1.00,0.00,0.09,0.04,0.00,0.00,0.00,0.00,normal.
0,tcp,http,SF,209,2260,0,0,0,0,0,1,0,0,0,0,0,0,0,0,0,0,6,6,0.00,0.00,0.00,0.00,1.00,0.00,0.00,12,80,1.00,0.00,0.08,0.04,0.00,0.00,0.00,0.00,normal.
0,tcp,http,SF,206,1619,0,0,0,0,0,1,0,0,0,0,0,0,0,0,0,0,7,7,0.00,0.00,0.00,0.00,1.00,0.00,0.00,13,81,1.00,0.00,0.08,0.04,0.00,0.00,0.00,0.00,normal.
0,tcp,http,SF,229,21195,0,0,0,0,0,1,0,0,0,0,0,0,0,0,0,0,1,1,0.00,0.00,0.00,0.00,1.00,0.00,0.00,1,82,1.00,0.00,1.00,0.05,0.00,0.00,0.00,0.00,normal.
0,tcp,http,SF,239,4426,0,0,0,0,0,1,0,0,0,0,0,0,0,0,0,0,2,2,0.00,0.00,0.00,0.00,1.00,0.00,0.00,2,83,1.00,0.00,0.50,0.05,0.00,0.00,0.00,0.00,normal.
0,tcp,http,SF,257,1738,0,0,0,0,0,1,0,0,0,0,0,0,0,0,0,0,3,3,0.00,0.00,0.00,0.00,1.00,0.00,0.00,3,84,1.00,0.00,0.33,0.05,0.00,0.00,0.00,0.00,normal.
0,tcp,http,SF,230,11084,0,0,0,0,0,1,0,0,0,0,0,0,0,0,0,0,4,4,0.00,0.00,0.00,0.00,1.00,0.00,0.00,4,85,1.00,0.00,0.25,0.05,0.00,0.00,0.00,0.00,normal.
0,tcp,http,SF,232,8509,0,0,0,0,0,1,0,0,0,0,0,0,0,0,0,0,5,5,0.00,0.00,0.00,0.00,1.00,0.00,0.00,5,86,1.00,0.00,0.20,0.05,0.00,0.00,0.00,0.00,normal.
0,tcp,http,SF,173,7235,0,0,0,0,0,1,0,0,0,0,0,0,0,0,0,0,6,6,0.00,0.00,0.00,0.00,1.00,0.00,0.00,6,87,1.00,0.00,0.17,0.05,0.00,0.00,0.00,0.00,normal.
0,tcp,http,SF,241,3198,0,0,0,0,0,1,0,0,0,0,0,0,0,0,0,0,7,7,0.00,0.00,0.00,0.00,1.00,0.00,0.00,7,88,1.00,0.00,0.14,0.05,0.00,0.00,0.00,0.00,normal.
0,tcp,http,SF,210,151,0,0,0,0,0,1,0,0,0,0,0,0,0,0,0,0,8,8,0.00,0.00,0.00,0.00,1.00,0.00,0.00,8,89,1.00,0.00,0.12,0.04,0.00,0.00,0.00,0.00,normal.
0,tcp,http,SF,229,9385,0,0,0,0,0,1,0,0,0,0,0,0,0,0,0,0,9,9,0.00,0.00,0.00,0.00,1.00,0.00,0.00,9,90,1.00,0.00,0.11,0.04,0.00,0.00,0.00,0.00,normal.
0,tcp,http,SF,230,8948,0,0,0,0,0,1,0,0,0,0,0,0,0,0,0,0,10,10,0.00,0.00,0.00,0.00,1.00,0.00,0.00,10,91,1.00,0.00,0.10,0.04,0.00,0.00,0.00,0.00,normal.
0,tcp,http,SF,210,627,0,0,0,0,0,1,0,0,0,0,0,0,0,0,0,0,1,1,0.00,0.00,0.00,0.00,1.00,0.00,0.00,1,92,1.00,0.00,1.00,0.05,0.00,0.00,0.00,0.00,normal.
0,tcp,http,SF,216,1675,0,0,0,0,0,1,0,0,0,0,0,0,0,0,0,0,2,2,0.00,0.00,0.00,0.00,1.00,0.00,0.00,2,93,1.00,0.00,0.50,0.05,0.00,0.00,0.00,0.00,normal.
0,tcp,http,SF,215,764,0,0,0,0,0,1,0,0,0,0,0,0,0,0,0,0,3,3,0.00,0.00,0.00,0.00,1.00,0.00,0.00,3,94,1.00,0.00,0.33,0.05,0.00,0.00,0.00,0.00,normal.
0,tcp,http,SF,212,1402,0,0,0,0,0,1,0,0,0,0,0,0,0,0,0,0,4,4,0.00,0.00,0.00,0.00,1.00,0.00,0.00,4,95,1.00,0.00,0.25,0.05,0.00,0.00,0.00,0.00,normal.
0,tcp,http,SF,212,1482,0,0,0,0,0,1,0,0,0,0,0,0,0,0,0,0,5,5,0.00,0.00,0.00,0.00,1.00,0.00,0.00,5,96,1.00,0.00,0.20,0.05,0.00,0.00,0.00,0.00,normal.
0,tcp,http,SF,213,7812,0,0,0,0,0,1,0,0,0,0,0,0,0,0,0,0,6,6,0.00,0.00,0.00,0.00,1.00,0.00,0.00,6,97,1.00,0.00,0.17,0.05,0.00,0.00,0.00,0.00,normal.
0,tcp,http,SF,213,9556,0,0,0,0,0,1,0,0,0,0,0,0,0,0,0,0,7,7,0.00,0.00,0.00,0.00,1.00,0.00,0.00,7,98,1.00,0.00,0.14,0.05,0.00,0.00,0.00,0.00,normal.
0,tcp,http,SF,212,786,0,0,0,1,0,1,0,0,0,0,0,0,0,0,0,0,8,8,0.00,0.00,0.00,0.00,1.00,0.00,0.00,8,99,1.00,0.00,0.12,0.05,0.00,0.00,0.00,0.00,normal.